0 12.085009
1 12.343375
2 12.634035
3 12.750299
4 12.59528
5 12.420884
6 12.214192
7 12.130224
8 12.201274
9 12.065633
10 11.962287
11 12.117306
12 11.703923
13 11.820186
14 11.787891
15 11.942909
16 11.755595
17 11.658708
18 11.684545
19 11.871859
20 11.955828
21 11.820186
22 11.723299
23 11.57474
24 11.445557
25 11.710381
26 11.703923
27 11.619953
28 11.594118
29 11.962287
30 12.123765
31 12.188356
32 12.123765
33 12.091469
34 12.227111
35 12.207733
36 12.188356
37 12.136684
38 12.001041
39 12.272324
40 12.349834
41 12.278784
42 12.362752
43 12.407965
44 12.801972
45 12.789053
46 12.969909
47 13.105551
48 13.228274
49 13.247651
50 13.221814
51 13.267029
52 13.370375
53 13.195979
54 13.241192
55 13.118469
56 13.234733
57 13.137846
58 12.969909
59 13.060336
60 13.745004
61 13.671105
62 13.664507
63 13.710694
64 13.849252
65 13.789869
66 13.585331
67 13.459968
68 13.981213
69 13.849252
70 13.869046
71 13.88884
72 14.218741
73 14.344104
74 15.050092
75 15.096278
76 15.043494
77 14.951122
78 15.135867
79 15.182053
80 14.951122
81 14.951122
82 15.030299
83 15.05669
84 15.063288
85 15.122671
86 15.182053
87 15.241435
88 14.772975
89 14.42328
90 14.165957
91 14.297918
92 14.416682
93 13.935027
94 13.690899
95 14.001006
96 13.743683
97 14.05379
98 14.020801
99 14.159358
100 14.396888
101 14.106574
102 14.165957
103 14.561838
104 14.390289
105 13.994408
106 13.677703
107 13.539145
108 13.393988
109 13.235635
110 12.912332
111 12.747382
112 12.793568
113 13.459968
114 13.176253
115 13.25543
116 13.229037
117 13.308214
118 12.912332
119 12.859548
120 13.143263
121 12.925529
122 12.622019
123 13.110274
124 13.367596
125 13.486361
126 13.22244
127 13.248832
128 12.892539
129 12.800166
130 12.95192
131 12.65501
132 12.3515
133 12.25253
134 12.160158
135 12.358098
136 12.75398
137 13.05749
138 12.65501
139 13.024499
140 13.064087
141 12.925529
142 12.839754
143 13.130067
144 13.097077
145 12.91893
146 12.905734
147 12.958518
148 12.95192
149 12.905734
150 12.839754
151 13.097077
152 13.163058
153 12.95192
154 13.097077
155 13.677703
156 14.080183
157 14.047193
158 14.086781
159 14.066986
160 14.126369
161 13.849252
162 13.789869
163 13.618321
164 13.842654
165 13.908634
166 13.803066
167 13.776673
168 13.624919
169 13.407184
170 12.859548
171 12.707794
172 12.727588
173 12.727588
174 13.070685
175 13.163058
176 12.800166
177 12.608824
178 12.476863
179 12.430677
180 12.615422
181 12.780373
182 12.793568
183 12.965116
184 12.899136
185 13.017901
186 13.130067
187 12.991509
188 12.938725
189 12.991509
190 13.004704
191 12.899136
192 12.846352
193 12.899136
194 13.077283
195 13.268626
196 13.433577
197 13.328009
198 13.367596
199 13.116871
200 13.110274
201 12.767176
202 12.793568
203 12.905734
204 12.800166
205 12.806764
206 12.998107
207 12.998107
208 13.143263
209 13.116871
210 12.912332
211 12.899136
212 12.760578
213 12.905734
214 12.971715
215 12.965116
216 12.866146
217 12.971715
218 13.031097
219 13.15646
220 13.295018
221 13.22244
222 13.149862
223 13.163058
224 13.42038
225 13.770076
226 13.809664
227 13.400586
228 13.25543
229 13.400586
230 13.341204
231 13.169655
232 13.176253
233 13.499556
234 13.532547
235 13.407184
236 13.479763
237 13.532547
238 13.446772
239 13.479763
240 13.558938
241 13.42038
242 13.42038
243 13.479763
244 13.433577
245 13.440175
246 13.328009
247 13.341204
248 13.525949
249 13.519351
250 13.407184
251 13.631517
252 13.803066
253 13.090479
254 12.958518
255 12.78697
256 12.589029
257 12.793568
258 12.859548
259 13.097077
260 13.097077
261 13.169655
262 13.281821
263 13.090479
264 13.163058
265 13.334605
266 13.928429
267 14.238535
268 14.119771
269 14.42328
270 14.581633
271 14.594829
272 14.561838
273 14.588231
274 14.575035
275 14.561838
276 14.561838
277 14.344104
278 14.370496
279 14.674005
280 15.149062
281 15.135867
282 15.267827
283 15.168857
284 15.096278
285 15.069886
286 15.069886
287 15.195249
288 14.429879
289 14.403486
290 14.205546
291 13.948222
292 13.869046
293 14.152761
294 14.192349
295 14.344104
296 14.291319
297 14.271525
298 14.05379
299 14.073585
300 14.291319
301 14.416682
302 14.621221
303 14.608024
304 15.083083
305 15.149062
306 15.15566
307 15.089681
308 14.997308
309 14.792769
310 15.109474
311 15.122671
312 14.977514
313 15.149062
314 15.399788
315 15.531749
316 15.531749
317 15.663708
318 15.426179
319 15.49216
320 15.696699
321 15.855052
322 15.782473
323 15.749483
324 16.264128
325 16.528049
326 16.422481
327 16.554442
328 16.725991
329 16.943725
330 16.890941
331 16.66001
332 16.712794
333 16.963519
334 16.917333
335 17.129854
336 16.907213
337 16.758786
338 16.95444
339 16.495666
340 16.91396
341 17.514415
342 17.75055
343 17.986684
344 17.925964
345 18.243059
346 18.195831
347 17.83151
348 17.804523
349 17.716817
350 17.993431
351 17.858497
352 18.324019
353 18.472446
354 19.018929
355 19.228076
356 19.113382
357 19.039168
358 18.6681
359 18.924474
360 19.099888
361 18.553406
362 18.951461
363 19.282049
364 19.572157
365 19.329276
366 19.30229
367 19.086396
368 18.890741
369 18.728821
370 18.614127
371 18.553406
372 18.661353
373 18.863754
374 18.964955
375 19.261809
376 19.653117
377 19.349516
378 19.511437
379 19.585651
380 19.416984
381 19.470957
382 20.206347
383 20.179359
384 20.13888
385 20.287306
386 20.057919
387 20.071412
388 19.754318
389 19.56541
390 19.261809
391 18.991941
392 18.695086
393 18.863754
394 19.282049
395 19.322529
396 19.167355
397 20.847282
398 20.003945
399 20.354774
400 20.078159
401 20.779815
402 19.990452
403 20.172613
404 20.563921
405 20.132133
406 19.46421
407 19.160609
408 19.815039
409 19.983706
410 20.037679
411 20.597655
412 20.334533
413 20.894509
414 20.773069
415 20.246827
416 21.710859
417 21.906514
418 22.183128
419 22.668888
420 22.513715
421 23.080437
422 22.898276
423 22.97249
424 23.336812
425 22.716115
426 22.857797
427 22.68913
428 23.012971
429 24.247615
430 24.679405
431 24.821085
432 24.996498
433 24.665911
434 24.881805
435 25.252873
436 25.596953
437 25.590208
438 25.610447
439 25.151672
440 24.726632
441 24.517483
442 24.64567
443 24.450017
444 24.42303
445 24.773858
446 25.3001
447 25.165165
448 24.584949
449 23.822575
450 24.64567
451 25.394553
452 24.814337
453 25.171913
454 25.95453
455 26.21765
456 26.37957
457 26.696665
458 26.926053
459 26.608957
460 26.797866
461 26.291864
462 26.791118
463 26.642693
464 27.728908
465 27.614216
466 27.040748
467 25.596953
468 24.875057
469 26.177169
470 25.961275
471 25.684661
472 25.880316
473 25.799356
474 26.21765
475 25.44178
476 26.082716
477 25.758875
478 25.758875
479 27.027254
480 27.000267
481 26.534746
482 27.148695
483 26.258129
484 26.251383
485 26.312104
486 26.642693
487 26.973279
488 26.318849
489 26.683171
490 26.183917
491 25.489006
492 24.443269
493 24.611937
494 24.638924
495 25.401301
496 25.995008
497 25.974769
498 26.190663
499 26.109703
500 26.136691
501 25.900555
502 25.232634
503 25.731888
504 24.274602
505 23.397532
506 23.127664
507 23.073691
508 23.505479
509 22.817316
510 23.842814
511 23.593187
512 23.026465
513 22.304569
514 21.994219
515 21.387018
516 21.879526
517 24.611937
518 23.667401
519 23.330067
520 23.384039
521 23.863053
522 24.746871
523 25.381059
524 24.996498
525 23.397532
526 23.42452
527 23.336812
528 23.883295
529 24.375803
530 24.854818
531 25.138178
532 24.436524
533 24.36231
534 24.335322
535 24.76711
536 24.429776
537 24.854818
538 25.063966
539 25.691409
540 25.806102
541 25.569968
542 24.294841
543 24.085695
544 23.235611
545 23.48524
546 22.803823
547 22.297821
548 22.189874
549 21.771579
550 21.656884
551 22.048194
552 21.272324
553 20.975469
554 22.088675
555 19.788051
556 19.767811
557 20.44248
558 21.312804
559 21.19811
560 20.854029
561 21.07667
562 21.474725
563 22.594677
564 22.736357
565 22.783583
566 22.918518
567 22.952251
568 22.756596
569 22.196622
570 22.142647
571 21.886272
572 21.724353
573 21.656884
574 22.729609
575 19.531677
576 19.56541
577 19.470957
578 19.315782
579 19.680104
580 19.288796
581 19.383249
582 19.909492
583 20.159119
584 20.287306
585 20.563921
586 20.091653
587 19.956719
588 19.997198
589 19.889251
590 20.051172
591 19.864102
592 19.815602
593 19.552317
594 19.600818
595 19.600818
596 20.210528
597 20.550026
598 20.487669
599 19.898744
600 20.051172
601 19.711674
602 19.559246
603 19.656246
604 19.413747
605 19.677031
606 19.330604
607 19.074249
608 18.783251
609 18.55461
610 18.104254
611 18.436824
612 17.875612
613 17.702399
614 17.854828
615 18.069612
616 17.660828
617 17.820184
618 17.6054
619 16.933333
620 16.829405
621 16.926404
622 17.08576
623 18.083469
624 17.362901
625 16.649263
626 16.974904
627 16.773976
628 16.399836
629 16.974904
630 17.023403
631 17.411401
632 17.245116
633 17.827113
634 18.021112
635 17.300544
636 17.224331
637 17.411401
638 18.921821
639 19.060392
640 18.92875
641 18.547681
642 18.499181
643 18.907965
644 19.48996
645 19.129678
646 19.30982
647 19.205891
648 18.92875
649 18.79018
650 18.963393
651 19.254391
652 19.358319
653 18.755536
654 18.755536
655 18.741679
656 18.40911
657 17.924113
658 17.979541
659 17.646971
660 17.522258
661 17.383687
662 17.466829
663 17.737043
664 18.228968
665 17.820184
666 18.041898
667 17.979541
668 17.903327
669 17.439115
670 16.940262
671 16.302837
672 15.457555
673 14.286634
674 13.78085
675 13.663065
676 13.891706
677 14.279705
678 14.307419
679 13.912492
680 14.120348
681 13.475996
682 13.905564
683 14.806274
684 13.836278
685 13.739279
686 13.801636
687 14.023349
688 13.635351
689 12.194217
690 12.921712
691 12.817784
692 12.124931
693 12.298145
694 11.570649
695 11.56372
696 11.508292
697 11.224223
698 10.898581
699 11.861648
700 12.014075
701 10.469012
702 11.480578
703 11.66072
704 12.436716
705 11.743862
706 10.614511
707 11.04408
708 10.697653
709 10.212656
710 11.09258
711 10.870867
712 11.501364
713 10.517512
714 10.960938
715 11.598363
716 11.168794
717 10.191871
718 10.600654
719 10.28887
720 9.596017
721 8.813093
722 9.803873
723 8.723022
724 8.771522
725 9.228805
726 8.993234
727 8.556737
728 8.958592
729 9.505946
730 9.831587
731 10.129514
732 9.81773
733 9.06252
734 9.450518
735 9.214948
736 9.58216
737 9.277305
738 9.935515
739 10.143371
740 10.545226
741 10.545226
742 10.649154
743 10.607583
744 11.300436
745 11.439007
746 10.981724
747 10.870867
748 10.607583
749 10.517512
750 10.420512
751 10.711511
752 10.385869
753 10.926295
754 10.80851
755 11.071794
756 11.030223
757 11.23115
758 10.850081
759 10.649154
760 10.538297
761 10.219585
762 9.91473
763 9.34659
764 9.734588
765 9.706874
766 8.96552
767 9.499018
768 8.522095
769 8.452809
770 8.244953
771 8.702237
772 8.993234
773 8.473594
774 8.501309
775 8.335024
776 8.681451
777 8.813093
778 9.041735
779 9.235733
780 9.15952
781 8.688379
782 8.598308
783 8.619094
784 8.35581
785 7.711456
786 7.642171
787 7.371958
788 7.171031
789 6.94239
790 7.03246
791 6.859247
792 6.595963
793 6.485106
794 6.055537
795 6.395035
796 6.540534
797 6.311893
798 6.055537
799 6.069394
800 6.727605
801 7.08096
802 7.649099
803 7.559028
804 7.863884
805 7.953955
806 8.203382
807 8.335024
808 7.697599
809 8.203382
810 8.217239
811 8.438952
812 8.383524
813 8.168739
814 7.794599
815 8.085597
816 8.390452
817 9.131806
818 9.117948
819 9.208019
820 8.757665
821 9.187234
822 9.561374
823 9.72073
824 9.561374
825 9.256519
826 10.309656
827 10.372013
828 9.949372
829 10.323513
830 10.136443
831 10.254228
832 10.051756
833 9.678405
834 9.463011
835 9.972778
836 10.152274
837 10.267151
838 11.071292
839 10.575883
840 10.898976
841 10.389208
842 10.590243
843 10.28869
844 10.023037
845 9.707125
846 9.936879
847 10.123555
848 10.504085
849 10.927695
850 10.891796
851 10.72666
852 10.525625
853 10.683581
854 10.769739
855 11.049752
856 10.985134
857 11.609779
858 11.595419
859 10.985134
860 11.013853
861 10.927695
862 10.985134
863 11.380024
864 11.423103
865 11.459002
866 11.257967
867 10.74102
868 10.618962
869 10.633322
870 10.640502
871 10.532805
872 10.109195
873 10.382028
874 10.496905
875 10.547164
876 10.640502
877 10.776919
878 10.468186
879 10.604603
880 10.453827
881 10.360489
882 10.209713
883 10.173813
884 10.252791
885 10.180993
886 10.647682
887 10.561524
888 11.257967
889 9.664046
890 9.613787
891 9.254796
892 9.197357
893 9.333774
894 9.570708
895 9.47737
896 9.419932
897 9.441471
898 9.333774
899 9.340954
900 9.577888
901 9.707125
902 9.577888
903 9.534809
904 9.49173
905 9.49173
906 9.48455
907 9.391212
908 9.47019
909 9.448651
910 9.355313
911 8.938883
912 8.981962
913 8.867085
914 8.795287
915 8.967602
916 8.960422
917 9.06094
918 9.427111
919 9.786103
920 9.951238
921 10.058936
922 9.563528
923 9.549169
924 9.987138
925 10.32459
926 10.633322
927 10.791278
928 10.891796
929 10.72666
930 10.848717
931 11.171809
932 11.487721
933 11.279507
934 11.272327
935 11.308226
936 11.250787
937 11.250787
938 10.827177
939 10.805638
940 10.942055
941 10.561524
942 10.496905
943 10.109195
944 10.008677
945 10.159453
946 10.353309
947 10.32459
948 10.338949
949 10.547164
950 10.683581
951 10.755379
952 11.049752
953 9.822002
954 9.678405
955 9.642506
956 9.541989
957 9.333774
958 9.563528
959 9.434291
960 9.355313
961 9.348134
962 9.190177
963 9.455831
964 9.05376
965 9.154278
966 9.197357
967 9.297874
968 9.427111
969 9.48455
970 9.743024
971 9.656866
972 9.843541
973 9.664046
974 9.800462
975 9.886621
976 9.822002
977 10.001498
978 9.771743
979 9.570708
980 9.642506
981 9.577888
982 9.714304
983 9.48455
984 9.520449
985 9.628146
986 9.290694
987 9.154278
988 9.118379
989 9.125559
990 9.003502
991 9.032221
992 9.017862
993 9.197357
994 9.261975
995 9.139918
996 9.168638
997 8.917344
998 8.938883
999 8.895805
1000 9.06812
1001 9.096839
1002 9.175817
1003 9.118379
1004 9.147098
1005 9.276335
1006 9.226077
1007 9.585068
1008 9.513269
1009 9.441471
1010 9.563528
1011 9.570708
1012 9.47019
1013 9.276335
1014 9.441471
1015 9.599427
1016 9.513269
1017 9.506089
1018 9.333774
1019 9.261975
1020 9.132739
1021 9.05376
1022 9.104019
1023 9.276335
1024 10.037396
1025 9.829181
1026 10.073296
1027 10.29587
1028 10.31023
1029 9.865081
1030 9.613787
1031 9.463011
1032 9.585068
1033 9.419932
1034 9.398392
1035 9.290694
1036 9.513269
1037 9.556349
1038 9.649686
1039 9.599427
1040 9.678405
1041 9.520449
1042 9.563528
1043 9.48455
1044 9.671226
1045 9.534809
1046 9.699945
1047 9.951238
1048 9.8938
1049 10.145094
1050 10.173813
1051 10.137914
1052 10.453827
1053 10.403568
1054 10.654862
1055 10.633322
1056 10.870257
1057 11.071292
1058 10.970774
1059 10.819997
1060 10.848717
1061 10.956414
1062 10.819997
1063 10.913335
1064 11.100011
1065 11.071292
1066 11.064112
1067 11.157449
1068 11.214888
1069 11.236427
1070 11.171809
1071 11.12155
1072 10.827177
1073 10.776919
1074 10.841537
1075 10.855897
1076 11.107191
1077 10.956414
1078 10.72666
1079 10.877436
1080 10.891796
1081 10.73384
1082 9.326594
1083 9.161458
1084 8.938883
1085 8.709129
1086 8.622971
1087 8.65887
1088 8.730668
1089 8.694769
1090 8.472195
1091 8.378857
1092 8.055765
1093 8.123777
1094 8.486513
1095 8.290032
1096 8.327817
1097 8.063322
1098 7.768598
1099 7.866839
1100 7.700585
1101 7.715699
1102 7.579673
1103 7.609901
1104 7.572117
1105 7.730813
1106 7.519217
1107 7.806383
1108 7.647686
1109 7.572117
1110 7.670357
1111 7.723257
1112 7.239608
1113 7.050683
1114 7.337849
1115 6.922214
1116 7.156481
1117 7.20938
1118 7.13381
1119 7.420976
1120 6.627491
1121 6.793745
1122 6.725732
1123 6.574592
1124 6.423452
1125 6.483908
1126 6.347882
1127 6.234527
1128 6.272312
1129 6.060716
1130 6.158957
1131 6.317654
1132 6.370553
1133 6.332768
1134 6.60482
1135 6.483908
1136 6.408338
1137 6.355439
1138 6.468794
1139 6.499022
1140 6.695504
1141 6.60482
1142 6.665276
1143 6.808859
1144 6.665276
1145 6.929771
1146 7.118696
1147 7.126253
1148 7.043126
1149 6.997784
1150 6.967556
1151 7.186709
1152 7.277393
1153 7.315178
1154 7.224495
1155 7.28495
1156 7.194267
1157 7.239608
1158 7.216937
1159 6.854201
1160 6.846644
1161 6.695504
1162 6.695504
1163 6.740846
1164 6.771074
1165 6.891986
1166 6.869315
1167 6.733289
1168 6.619934
1169 6.582149
1170 6.589706
1171 6.544364
1172 6.468794
1173 6.468794
1174 6.725732
1175 6.83153
1176 6.990227
1177 7.156481
1178 7.330292
1179 7.375634
1180 7.51166
1181 7.655243
1182 7.51166
1183 7.519217
1184 7.640129
1185 7.526774
1186 7.761042
1187 7.458761
1188 7.51166
1189 7.368077
1190 7.602345
1191 7.41342
1192 7.451204
1193 7.420976
1194 7.579673
1195 7.79127
1196 7.594787
1197 7.859282
1198 7.912182
1199 8.093549
1200 8.184233
1201 8.282475
1202 8.237132
1203 8.501628
1204 8.282475
1205 8.222019
1206 8.26736
1207 8.010423
1208 8.184233
1209 8.524298
1210 8.358045
1211 8.365601
1212 8.237132
1213 8.146448
1214 8.335373
1215 8.085992
1216 7.904624
1217 7.995308
1218 7.995308
1219 8.11622
1220 8.138892
1221 7.987751
1222 8.063322
1223 8.123777
1224 7.987751
1225 7.768598
1226 7.79127
1227 7.617458
1228 7.677914
1229 7.79127
1230 7.647686
1231 7.549445
1232 7.232051
1233 7.277393
1234 7.216937
1235 7.05824
1236 6.975113
1237 7.254723
1238 7.383192
1239 7.557002
1240 7.504104
1241 7.58723
1242 7.625015
1243 7.375634
1244 7.41342
1245 7.526774
1246 7.519217
1247 7.451204
1248 7.488989
1249 7.504104
1250 7.481432
1251 7.700585
1252 7.753485
1253 7.745927
1254 7.723257
1255 7.693029
1256 7.753485
1257 7.73837
1258 7.798826
1259 8.055764
1260 8.206904
1261 8.055764
1262 8.002866
1263 7.94241
1264 7.836611
1265 7.897067
1266 8.131335
1267 8.222019
1268 8.305145
1269 8.055764
1270 7.768598
1271 7.919738
1272 8.146448
1273 8.244689
1274 8.002866
1275 8.108663
1276 7.980195
1277 7.987751
1278 8.085992
1279 8.199348
1280 8.577198
1281 8.456285
1282 8.358045
1283 8.531856
1284 8.524298
1285 8.864363
1286 8.222019
1287 7.073354
1288 6.68039
1289 6.854201
1290 6.876872
1291 6.861758
1292 6.944885
1293 6.703061
1294 6.483908
1295 6.521693
1296 6.536807
1297 6.521693
1298 6.514136
1299 6.559478
1300 6.536807
1301 6.415895
1302 6.30254
1303 6.431009
1304 6.499022
1305 6.347882
1306 6.415895
1307 6.272312
1308 6.090944
1309 5.962475
1310 6.060716
1311 6.257198
1312 6.347882
1313 6.332768
1314 6.332768
1315 6.385667
1316 6.310097
1317 6.60482
1318 6.559478
1319 6.514136
1320 6.431009
1321 6.461237
1322 6.589706
1323 6.627491
1324 6.816416
1325 6.778631
1326 6.816416
1327 6.823973
1328 6.597263
1329 6.60482
1330 6.559478
1331 6.544364
1332 6.347882
1333 6.287426
1334 6.491465
1335 6.521693
1336 6.559478
1337 6.695504
1338 6.937328
1339 6.997784
1340 6.975113
1341 6.98267
1342 7.035569
1343 6.903126
1344 6.798776
1345 6.774695
1346 6.750615
1347 7.015502
1348 6.927206
1349 6.951287
1350 6.854964
1351 6.911152
1352 6.871018
1353 6.895099
1354 6.862991
1355 6.670346
1356 6.509808
1357 6.525862
1358 6.549942
1359 6.493754
1360 6.58205
1361 5.634877
1362 5.36999
1363 5.273667
1364 5.345909
1365 5.297747
1366 5.249586
1367 5.000753
1368 5.048914
1369 5.048914
1370 4.90443
1371 5.024833
1372 4.775999
1373 4.767973
1374 4.832188
1375 4.695731
1376 4.864295
1377 4.848242
1378 4.832188
1379 4.719812
1380 4.848242
1381 4.90443
1382 5.081021
1383 5.153264
1384 5.153264
1385 5.072995
1386 5.016806
1387 5.185371
1388 4.992726
1389 4.784027
1390 4.655596
1391 4.551247
1392 4.446897
1393 4.446897
1394 4.350575
1395 4.462951
1396 4.647569
1397 4.920484
1398 4.703758
1399 4.591381
1400 4.727838
1401 4.599408
1402 4.583354
1403 4.655596
1404 4.454924
1405 4.286359
1406 4.350575
1407 4.029499
1408 4.214117
1409 3.917122
1410 4.173983
1411 3.917122
1412 4.093714
1413 4.302413
1414 5.048914
1415 4.888376
1416 4.759946
1417 4.607435
1418 4.655596
1419 4.719812
1420 4.90443
1421 4.864295
1422 4.727838
1423 4.751919
1424 4.960618
1425 5.169317
1426 5.169317
1427 5.321828
1428 5.089048
1429 4.92851
1430 5.129183
1431 5.089048
1432 4.80008
1433 4.711784
1434 4.711784
1435 4.864295
1436 5.024833
1437 4.840215
1438 4.711784
1439 4.727838
1440 4.470978
1441 4.222144
1442 4.20609
1443 4.390709
1444 4.519139
1445 4.454924
1446 4.631516
1447 4.54322
1448 4.366628
1449 4.326494
1450 4.479005
1451 4.751919
1452 4.687704
1453 4.968645
1454 4.960618
1455 5.105102
1456 5.048914
1457 5.089048
1458 4.816134
1459 4.888376
1460 4.912457
1461 5.217479
1462 5.305775
1463 5.426178
1464 5.386043
1465 5.434205
1466 5.867657
1467 5.763307
1468 5.402097
1469 5.064968
1470 5.201425
1471 5.49842
1472 5.353936
1473 5.466312
1474 5.474339
1475 5.121156
1476 5.177344
1477 5.418151
1478 5.249586
1479 5.281694
1480 5.26564
1481 5.217479
1482 5.225506
1483 4.832188
1484 4.462951
1485 4.390709
1486 4.246225
1487 4.503085
1488 4.41479
1489 4.647569
1490 4.551247
1491 4.511112
1492 4.31044
1493 4.342547
1494 4.278332
1495 4.013445
1496 4.141875
1497 3.981338
1498 4.005418
1499 4.029499
1500 3.901069
1501 3.756584
1502 3.620128
1503 3.852907
1504 3.893042
1505 3.97331
1506 3.94923
1507 3.836854
1508 3.804746
1509 3.828827
1510 3.868961
1511 4.125821
1512 4.07766
1513 4.342547
1514 4.20609
1515 4.198064
1516 4.326494
1517 4.270306
1518 4.262279
1519 4.18201
1520 4.527166
1521 4.551247
1522 4.623489
1523 4.503085
1524 4.599408
1525 4.230171
1526 4.230171
1527 4.334521
1528 4.07766
1529 4.05358
1530 4.045553
1531 4.093714
1532 4.029499
1533 4.109768
1534 4.045553
1535 4.117795
1536 4.18201
1537 4.069633
1538 3.981338
1539 4.093714
1540 4.117795
1541 4.093714
1542 4.18201
1543 4.406763
1544 4.479005
1545 4.462951
1546 4.446897
1547 4.655596
1548 4.366628
1549 4.31044
1550 4.246225
1551 4.246225
1552 4.198064
1553 4.149902
1554 3.981338
1555 4.061606
1556 4.07766
1557 4.061606
1558 4.013445
1559 4.05358
1560 3.965284
1561 4.190036
1562 4.278332
1563 4.334521
1564 4.350575
1565 4.278332
1566 4.214117
1567 4.246225
1568 4.286359
1569 4.31044
1570 4.446897
1571 4.350575
1572 4.406763
1573 4.390709
1574 4.262279
1575 4.069633
1576 4.101741
1577 4.125821
1578 4.037526
1579 3.403401
1580 3.395375
1581 3.22681
1582 3.282998
1583 3.258917
1584 3.186675
1585 3.066272
1586 2.969949
1587 2.929815
1588 2.913761
1589 3.010084
1590 2.937842
1591 2.945869
1592 2.929815
1593 2.953896
1594 2.873627
1595 2.841519
1596 2.731396
1597 2.783423
1598 2.852792
1599 2.731396
1600 2.809436
1601 2.774752
1602 2.644685
1603 2.505948
1604 2.427908
1605 2.427908
1606 2.471263
1607 2.618672
1608 2.497277
1609 2.36721
1610 2.375881
1611 2.44525
1612 2.557974
1613 2.375881
1614 2.315183
1615 2.28917
1616 2.263157
1617 2.393223
1618 2.497277
1619 2.453921
1620 2.618672
1621 2.401894
1622 2.488605
1623 2.419237
1624 2.037708
1625 2.150433
1626 2.176446
1627 2.202459
1628 2.167775
1629 2.063722
1630 2.063722
1631 1.898971
1632 1.872957
1633 1.898971
1634 1.829602
1635 1.794917
1636 1.855615
1637 1.846944
1638 1.751562
1639 1.664851
1640 1.595482
1641 1.560798
1642 1.647509
1643 1.630167
1644 1.595482
1645 1.560798
1646 1.465416
1647 1.5001
1648 1.604153
1649 1.482758
1650 3.451097
1651 3.477111
1652 3.511795
1653 3.477111
1654 1.829602
1655 3.451097
1656 3.416413
1657 3.442426
1658 3.451097
1659 2.05505
1660 3.520466
1661 3.54648
1662 3.589835
1663 3.615848
1664 2.393223
1665 3.607177
1666 3.624519
1667 3.563822
1668 3.589835
1669 2.375881
1670 3.520466
1671 3.494453
1672 3.572493
1673 3.607177
1674 2.670698
1675 3.459768
1676 2.627343
1677 2.514619
1678 2.384552
1679 2.44525
1680 2.453921
1681 2.063722
1682 2.13309
1683 2.28917
1684 2.280499
1685 2.419237
1686 2.384552
1687 2.549303
1688 2.583988
1689 2.575316
1690 2.514619
1691 2.505948
1692 2.471263
1693 2.401894
1694 2.375881
1695 2.341197
1696 2.245815
1697 2.315183
1698 2.237143
1699 2.393223
1700 2.271828
1701 2.306512
1702 2.28917
1703 2.323855
1704 2.323855
1705 2.323855
1706 2.254486
1707 2.21113
1708 2.219801
1709 2.323855
1710 2.44525
1711 2.549303
1712 2.427908
1713 2.375881
1714 2.436579
1715 2.323855
1716 2.219801
1717 2.280499
1718 2.219801
1719 2.315183
1720 2.471263
1721 2.427908
1722 2.401894
1723 2.401894
1724 2.28917
1725 2.271828
1726 2.297841
1727 2.349868
1728 2.332526
1729 2.315183
1730 2.358539
1731 2.401894
1732 2.549303
1733 2.557974
1734 2.870134
1735 3.086911
1736 2.913489
1737 2.748738
1738 2.835449
1739 2.878805
1740 2.826778
1741 2.826778
1742 2.982858
1743 3.364386
1744 3.251662
1745 3.338373
1746 3.199636
1747 3.286346
1748 3.321031
1749 3.260333
1750 3.31236
1751 3.425084
1752 3.641861
1753 3.650533
1754 3.624519
1755 3.459768
1756 3.46844
1757 3.511795
1758 3.46844
1759 3.303689
1760 3.425084
1761 3.563822
1762 3.607177
1763 3.624519
1764 3.659204
1765 3.511795
1766 3.251662
1767 3.858639
1768 4.075416
1769 4.006048
1770 4.02339
1771 3.962692
1772 3.928008
1773 3.841297
1774 4.006048
1775 4.02339
1776 3.693888
1777 3.641861
1778 3.685217
1779 3.650533
1780 3.54648
1781 3.399071
1782 3.46844
1783 3.303689
1784 3.425084
1785 3.572493
1786 3.520466
1787 3.529137
1788 3.598506
1789 3.563822
1790 3.451097
1791 3.451097
1792 3.459768
1793 3.407742
1794 3.31236
1795 3.251662
1796 3.277675
1797 3.147609
1798 3.095582
1799 3.269004
1800 3.164951
1801 3.112924
1802 3.008871
1803 3.060898
1804 3.138938
1805 3.199636
1806 3.190964
1807 3.138938
1808 3.104253
1809 2.991529
1810 3.008871
1811 2.974187
1812 2.904818
1813 2.948174
1814 2.991529
1815 2.991529
1816 2.887476
1817 2.826778
1818 2.861463
1819 2.896147
1820 2.84412
1821 2.826778
1822 2.826778
1823 2.92216
1824 2.930832
1825 2.896147
1826 2.852792
1827 2.92216
1828 3.052227
1829 3.017542
1830 3.026214
1831 2.887476
1832 2.982858
1833 3.104253
1834 2.748738
1835 2.662027
1836 2.731396
1837 2.740067
1838 2.774752
1839 2.861463
1840 2.818107
1841 2.878805
1842 2.930832
1843 2.896147
1844 2.826778
1845 2.861463
1846 2.948174
1847 3.034885
1848 3.052227
1849 3.07824
1850 3.173622
1851 3.329702
1852 3.15628
1853 3.251662
1854 3.199636
1855 3.23432
1856 3.260333
1857 3.242991
1858 3.15628
1859 3.121596
1860 3.164951
1861 3.112924
1862 3.130267
1863 3.008871
1864 2.982858
1865 3.017542
1866 3.069569
1867 3.0002
1868 3.060898
1869 3.069569
1870 3.104253
1871 3.008871
1872 3.026214
1873 3.060898
1874 3.138938
1875 3.199636
1876 3.347044
1877 3.338373
1878 3.321031
1879 3.407742
1880 3.295018
1881 3.329702
1882 3.3904
1883 3.303689
1884 3.242991
1885 3.347044
1886 3.321031
1887 3.407742
1888 3.537808
1889 3.581164
1890 3.659204
1891 3.589835
1892 3.650533
1893 3.598506
1894 3.572493
1895 3.46844
1896 3.503124
1897 3.494453
1898 3.485782
1899 3.425084
1900 3.451097
1901 3.477111
1902 3.511795
1903 3.477111
1904 3.442426
1905 3.451097
1906 3.416413
1907 3.442426
1908 3.451097
1909 3.589835
1910 3.520466
1911 3.54648
1912 3.589835
1913 3.615848
1914 3.624519
1915 3.607177
1916 3.624519
1917 3.563822
1918 3.589835
1919 3.581164
1920 3.520466
1921 3.494453
1922 3.572493
1923 3.607177
1924 3.615848
1925 3.459768
1926 3.442426
1927 3.46844
1928 3.381729
1929 4.439603
1930 4.621696
1931 4.760433
1932 4.65638
1933 4.786447
1934 4.907842
1935 5.159304
1936 5.514819
1937 5.558174
1938 5.410766
1939 5.436779
1940 5.818307
1941 5.800965
1942 5.705583
1943 5.783623
1944 5.705583
1945 5.748939
1946 5.75761
1947 5.774952
1948 5.644886
1949 5.740267
1950 5.748939
1951 5.818307
1952 5.83565
1953 5.75761
1954 5.722925
1955 5.627543
1956 5.705583
1957 5.766281
1958 5.740267
1959 6.000401
1960 6.095783
1961 6.173822
1962 6.199836
1963 6.199836
1964 6.373258
1965 6.321231
1966 6.199836
1967 6.043756
1968 5.852992
1969 6.459969
1970 6.607377
1971 6.616049
1972 6.607377
1973 6.720102
1974 6.676746
1975 6.850168
1976 6.538009
1977 6.633391
1978 6.71143
1979 6.685417
1980 6.884853
1981 6.841497
1982 6.936879
1983 6.988906
1984 6.763457
1985 6.884853
1986 6.893523
1987 7.014919
1988 7.02359
1989 6.876181
1990 6.94555
1991 6.988906
1992 6.910866
1993 6.772128
1994 6.850168
1995 6.70276
1996 6.832826
1997 6.936879
1998 6.86751
1999 6.70276
2000 6.685417
2001 6.538009
2002 6.46864
2003 6.381929
2004 6.685417
2005 6.70276
2006 6.772128
2007 6.754786
2008 6.78947
2009 6.841497
2010 6.988906
2011 6.928208
2012 7.032261
2013 6.884853
2014 6.962892
2015 6.954222
2016 6.971564
2017 7.032261
2018 6.980235
2019 7.092959
2020 6.919537
2021 6.884853
2022 6.928208
2023 6.884853
2024 6.754786
2025 6.763457
2026 6.676746
2027 6.095783
2028 5.948374
2029 6.009071
2030 6.069769
2031 6.104454
2032 6.095783
2033 6.000401
2034 5.774952
2035 5.879005
2036 5.800965
2037 6.078441
2038 6.642062
2039 6.399271
2040 6.407942
2041 6.199836
2042 6.243191
2043 6.191165
2044 6.355915
2045 6.303889
2046 6.338573
2047 6.46864
2048 6.607377
2049 6.624719
2050 6.616049
2051 6.668075
2052 6.572693
2053 6.581364
2054 6.676746
2055 6.754786
2056 6.7808
2057 6.893523
2058 6.86751
2059 6.772128
2060 6.720102
2061 6.555351
2062 6.538009
2063 6.590035
2064 6.650733
2065 6.538009
2066 6.451298
2067 6.217178
2068 6.260533
2069 6.338573
2070 6.338573
2071 6.303889
2072 6.364587
2073 6.364587
2074 6.54668
2075 6.616049
2076 6.607377
2077 6.373258
2078 6.260533
2079 6.572693
2080 6.772128
2081 6.624719
2082 6.425284
2083 6.364587
2084 6.199836
2085 6.329902
2086 6.364587
2087 6.442626
2088 6.477311
2089 6.329902
2090 6.329902
2091 6.303889
2092 6.095783
2093 6.442626
2094 6.503324
2095 6.459969
2096 6.373258
2097 6.303889
2098 6.295218
2099 6.321231
2100 6.329902
2101 6.277875
2102 6.451298
2103 6.3906
2104 6.31256
2105 6.295218
2106 6.277875
2107 6.269205
2108 6.286547
2109 6.607377
2110 6.763457
2111 6.798142
2112 6.815484
2113 6.806813
2114 6.86751
2115 7.049604
2116 7.02359
2117 6.919537
2118 6.7808
2119 6.971564
2120 6.832826
2121 6.850168
2122 6.988906
2123 6.980235
2124 6.971564
2125 6.971564
2126 6.919537
2127 6.971564
2128 7.223025
2129 7.214712
2130 7.159285
2131 7.288614
2132 7.011481
2133 7.113096
2134 7.09462
2135 7.029956
2136 6.983767
2137 7.029956
2138 7.029956
2139 7.140809
2140 7.039194
2141 6.835963
2142 6.965291
2143 6.965291
2144 6.900627
2145 6.92834
2146 6.872914
2147 6.937578
2148 6.817487
2149 7.048432
2150 7.048432
2151 7.131571
2152 7.09462
2153 7.685839
2154 7.611936
2155 7.565747
2156 7.55651
2157 7.519559
2158 7.325565
2159 7.205474
2160 7.251663
2161 7.233187
2162 7.150047
2163 7.103858
2164 7.066907
2165 7.131571
2166 7.131571
2167 7.150047
2168 7.205474
2169 7.159285
2170 7.22395
2171 7.408706
2172 7.510321
2173 7.621174
2174 7.55651
2175 7.630412
2176 7.593461
2177 7.519559
2178 7.510321
2179 7.732028
2180 7.704315
2181 7.750504
2182 7.676601
2183 7.685839
2184 7.842881
2185 7.63965
2186 7.72279
2187 7.787455
2188 7.732028
2189 7.907546
2190 7.916783
2191 7.88907
2192 7.97221
2193 7.981448
2194 7.953734
2195 7.861357
2196 7.999924
2197 7.907546
2198 7.953734
2199 7.898308
2200 7.815168
2201 7.574985
2202 7.658125
2203 7.658125
2204 7.861357
2205 7.547272
2206 7.63965
2207 7.436419
2208 7.297852
2209 7.297852
2210 7.353279
2211 7.177761
2212 7.205474
2213 7.334803
2214 7.288614
2215 7.547272
2216 7.325565
2217 7.759741
2218 7.704315
2219 7.732028
2220 7.787455
2221 7.593461
2222 7.602698
2223 7.63965
2224 7.72279
2225 7.501083
2226 7.547272
2227 7.510321
2228 7.399468
2229 7.501083
2230 7.547272
2231 7.436419
2232 7.630412
2233 7.260901
2234 7.085383
2235 7.325565
2236 7.150047
2237 7.186999
2238 7.362516
2239 7.501083
2240 7.501083
2241 7.565747
2242 7.611936
2243 7.648887
2244 7.658125
2245 7.593461
2246 7.519559
2247 7.658125
2248 7.602698
2249 7.510321
2250 7.445657
2251 7.408706
2252 7.270138
2253 7.150047
2254 7.140809
2255 7.260901
2256 7.427181
2257 7.307089
2258 7.353279
2259 7.464132
2260 7.47337
2261 7.547272
2262 7.427181
2263 7.344041
2264 7.260901
2265 7.399468
2266 7.076145
2267 6.965291
2268 6.983767
2269 7.020718
2270 6.974529
2271 6.946816
2272 6.891389
2273 7.113096
2274 6.863676
2275 6.983767
2276 7.085383
2277 7.122334
2278 7.270138
2279 7.297852
2280 7.39023
2281 7.399468
2282 7.288614
2283 7.159285
2284 7.020718
2285 7.020718
2286 7.270138
2287 7.103858
2288 7.22395
2289 7.066907
2290 6.965291
2291 7.177761
2292 7.242425
2293 7.362516
2294 7.408706
2295 7.427181
2296 7.417943
2297 7.417943
2298 7.454894
2299 7.362516
2300 7.399468
2301 7.408706
2302 7.399468
2303 7.399468
2304 7.464132
2305 7.445657
2306 7.436419
2307 7.445657
2308 7.233187
2309 7.260901
2310 7.048432
2311 7.140809
2312 7.131571
2313 7.113096
2314 7.186999
2315 7.085383
2316 7.288614
2317 7.186999
2318 7.260901
2319 7.279376
2320 7.344041
2321 7.260901
2322 7.057669
2323 7.113096
2324 7.140809
2325 7.002243
2326 6.974529
2327 7.066907
2328 7.205474
2329 7.150047
2330 7.150047
2331 7.140809
2332 7.445657
2333 7.667363
2334 7.353279
2335 7.242425
2336 7.177761
2337 7.039194
2338 7.029956
2339 7.242425
2340 7.39023
2341 7.251663
2342 7.168523
2343 7.066907
2344 7.085383
2345 6.919102
2346 6.078464
2347 6.004562
2348 6.041513
2349 6.040566
2350 6.135245
2351 6.362477
2352 6.561304
2353 6.523432
2354 6.457157
2355 6.504496
2356 6.608644
2357 6.5329
2358 6.589708
2359 6.608644
2360 6.750664
2361 6.949491
2362 6.835875
2363 6.798003
2364 6.958959
2365 6.987363
2366 6.902151
2367 6.873747
2368 6.940023
2369 6.968427
2370 6.949491
2371 6.741195
2372 6.7696
2373 6.7696
2374 6.854811
2375 6.835875
2376 6.750664
2377 6.637048
2378 6.760131
2379 6.741195
2380 6.883215
2381 6.807471
2382 6.911619
2383 6.940023
2384 6.845343
2385 6.854811
2386 6.845343
2387 6.542368
2388 6.48556
2389 6.476093
2390 6.371945
2391 6.135245
2392 6.182585
2393 5.983758
2394 6.106841
2395 6.343541
2396 6.353009
2397 6.371945
2398 6.296201
2399 6.324605
2400 6.428752
2401 6.419285
2402 6.390881
2403 6.334073
2404 6.362477
2405 6.381412
2406 6.305669
2407 6.267797
2408 6.239393
2409 6.655984
2410 6.67492
2411 6.561304
2412 6.504496
2413 6.48556
2414 6.447688
2415 6.419285
2416 6.504496
2417 6.286733
2418 6.286733
2419 6.286733
2420 6.258329
2421 6.258329
2422 6.248861
2423 6.11631
2424 5.898546
2425 5.813334
2426 5.557699
2427 5.728123
2428 5.917482
2429 5.983758
2430 5.983758
2431 5.908014
2432 5.784931
2433 5.889078
2434 5.945886
2435 5.83227
2436 6.031098
2437 6.087905
2438 6.201521
2439 6.16365
2440 6.267797
2441 6.248861
2442 6.362477
2443 6.381412
2444 6.248861
2445 6.267797
2446 6.173117
2447 6.296201
2448 6.305669
2449 6.220457
2450 6.11631
2451 6.229925
2452 6.419285
2453 6.324605
2454 6.542368
2455 6.561304
2456 6.608644
2457 6.665452
2458 6.665452
2459 6.608644
2460 6.542368
2461 6.438221
2462 6.542368
2463 6.693856
2464 6.646516
2465 6.637048
2466 6.589708
2467 6.570772
2468 6.62758
2469 6.447688
2470 6.362477
2471 6.229925
2472 6.286733
2473 6.930555
2474 7.025235
2475 7.044171
2476 7.176722
2477 7.148319
2478 7.110447
2479 7.110447
2480 7.034703
2481 6.835875
2482 6.921087
2483 6.892683
2484 6.760131
2485 6.892683
2486 6.864279
2487 6.921087
2488 6.883215
2489 6.996831
2490 6.930555
2491 6.873747
2492 6.864279
2493 6.807471
2494 6.826407
2495 7.015767
2496 7.044171
2497 6.958959
2498 7.015767
2499 6.987363
2500 6.892683
2501 6.693856
2502 6.646516
2503 6.5329
2504 6.58024
2505 6.589708
2506 6.731728
2507 6.58024
2508 6.476093
2509 6.712792
2510 6.835875
2511 6.760131
2512 6.750664
2513 6.703324
2514 6.826407
2515 6.741195
2516 6.646516
2517 6.798003
2518 6.7696
2519 6.703324
2520 6.760131
2521 6.940023
2522 7.025235
2523 7.063107
2524 6.892683
2525 6.987363
2526 6.779067
2527 6.807471
2528 6.712792
2529 6.712792
2530 6.873747
2531 6.779067
2532 6.892683
2533 6.798003
2534 6.72226
2535 6.816939
2536 6.002694
2537 5.92695
2538 6.050034
2539 5.908014
2540 5.642911
2541 5.529295
2542 5.567167
2543 5.510359
2544 5.567167
2545 5.548231
2546 5.614507
2547 5.784931
2548 5.813334
2549 5.680783
2550 5.860674
2551 5.756526
2552 5.775462
2553 5.870142
2554 5.765995
2555 5.709187
2556 5.813334
2557 5.822802
2558 5.756526
2559 5.822802
2560 5.822802
2561 5.595571
2562 5.605039
2563 5.623975
2564 5.690251
2565 5.728123
2566 5.690251
2567 5.784931
2568 5.747059
2569 5.756526
2570 5.709187
2571 5.737591
2572 5.557699
2573 5.472488
2574 5.500891
2575 5.576635
2576 5.709187
2577 5.595571
2578 5.491424
2579 5.519827
2580 5.434615
2581 5.538763
2582 5.434615
2583 5.690251
2584 5.595571
2585 5.548231
2586 5.747059
2587 5.841738
2588 5.794398
2589 5.803867
2590 5.917482
2591 5.822802
2592 5.728123
2593 5.756526
2594 5.605039
2595 5.595571
2596 5.652379
2597 5.605039
2598 5.557699
2599 5.614507
2600 5.510359
2601 5.453552
2602 5.387276
2603 5.36834
2604 5.387276
2605 5.027493
2606 4.999089
2607 4.904409
2608 4.904409
2609 4.932813
2610 4.838133
2611 4.932813
2612 4.894941
2613 4.932813
2614 4.942281
2615 5.074833
2616 5.283128
2617 5.302064
2618 5.302064
2619 5.396743
2620 5.36834
2621 5.358872
2622 5.387276
2623 5.358872
2624 5.396743
2625 5.434615
2626 5.377808
2627 5.311532
2628 5.358872
2629 5.27366
2630 5.321
2631 5.49
2632 5.52
2633 5.56
2634 5.59
2635 5.58
2636 5.7
2637 5.21
2638 5.08
2639 5.36
2640 5.54
2641 5.69
2642 5.66
2643 5.37
2644 5.34
2645 5.33
2646 5.45
2647 5.56
2648 5.59
2649 5.89
2650 5.93
2651 5.92
2652 5.85
2653 5.71
2654 5.82
2655 5.82
2656 5.86
2657 5.81
2658 5.77
2659 5.86
2660 5.75
2661 5.77
2662 5.66
2663 5.61
2664 5.69
2665 5.5
2666 5.47
2667 5.51
2668 5.65
2669 5.69
2670 5.7
2671 5.74
2672 5.8
2673 5.78
2674 5.69
2675 5.75
2676 5.67
2677 5.65
2678 5.71
2679 5.75
2680 5.7
2681 5.69
2682 5.69
2683 5.74
2684 5.67
2685 5.66
2686 5.76
2687 5.74
2688 5.87
2689 5.83
2690 5.7
2691 5.68
2692 5.6
2693 5.5
2694 5.56
2695 5.47
2696 5.51
2697 5.5
2698 5.58
2699 5.74
2700 5.66
2701 5.62
2702 5.71
2703 5.74
2704 5.72
2705 5.79
2706 5.75
2707 5.78
2708 5.71
2709 5.54
2710 5.49
2711 5.53
2712 5.39
